50 50 150 50 4
50 50 50 150 4
50 150 150 150 2
150 50 150 150 2
150 50 250 50 4
250 50 250 150 2
150 150 250 150 2
50 150 50 250 4
150 150 150 250 2
50 250 150 250 2
150 250 250 250 2
250 150 250 250 2
250 50 350 50 4
350 50 350 150 2
250 150 350 150 2
350 150 350 250 2
250 250 350 250 2
50 250 50 350 4
50 350 150 350 2
150 250 150 350 2
150 350 250 350 2
250 250 250 350 2
250 350 350 350 2
350 250 350 350 2
50 350 50 450 4
50 450 150 450 4
150 450 250 450 4
250 450 350 450 4
350 450 450 450 4
450 450 550 450 4
350 50 450 50 4
450 50 550 50 4
550 50 550 150 4
550 150 550 250 4
550 250 550 350 4
550 350 550 450 4
450 50 450 150 2
450 150 450 250 2
450 250 450 350 2
450 350 450 450 2
350 150 450 150 2
450 150 550 150 2
350 250 450 250 2
450 250 550 250 2
350 350 450 350 2
450 350 550 350 2
150 350 150 450 2
250 350 250 450 2
350 350 350 450 2

