50 50 150 50 20
50 50 50 150 50
50 150 150 150 90
150 50 150 150 20
150 50 250 50 40
250 50 250 150 50
150 150 250 150 10
50 150 50 250 60
150 150 150 250 10
50 250 150 250 70
150 250 250 250 80
250 150 250 250 10
250 50 350 50 20
350 50 350 150 30
250 150 350 150 40
350 150 350 250 50
250 250 350 250 60
50 250 50 350 70
50 350 150 350 80
150 250 150 350 90
150 350 250 350 10
250 250 250 350 20
250 350 350 350 30
350 250 350 350 40
50 350 50 450 50
50 450 150 450 60
150 450 250 450 70
250 450 350 450 80
350 450 450 450 90
450 450 550 450 10
350 50 450 50 20
450 50 550 50 30
550 50 550 150 40
550 150 550 250 50
550 250 550 350 60
550 350 550 450 70
450 50 450 150 80
450 150 450 250 90
450 250 450 350 10
450 350 450 450 20
350 150 450 150 30
450 150 550 150 40
350 250 450 250 50
450 250 550 250 60
350 350 450 350 70
450 350 550 350 80
150 350 150 450 90
250 350 250 450 20
350 350 350 450 10

